2
1 2
4 5

4
1 1
1 1
1 1
1 1

5
0 0
0 1
1 1
1 0
0.5 0.5

5
0 0
1 1
2 2
3 3
4 4

6
0 0
1 0
2 0
2 2
1 2
0 2

8
0 0
2 1
4 0
3 2
4 4
2 3
0 4
1 2

6
0 0
1 1
1 1
2 0
2 0
0 2

4
0 0
1 0
2 0.0000000001
3 0

6
0 0
1 0
2 0
2 2
1 2
0 2

50
12 34
56 78
90 12
34 56
78 90
11 22
33 44
55 66
77 88
99 11
10 20
20 30
30 40
40 50
50 60
60 70
70 80
80 90
90 100
15 25
25 35
35 45
45 55
55 65
65 75
75 85
85 95
95 5
5 15
15 35
35 55
55 75
75 95
95 15
15 45
45 75
75 15
25 65
65 25
85 45
45 85
20 80
80 20
60 10
10 60
30 70
70 30
50 90
90 50
0 0

100
0 0
1 3
2 6
3 9
4 12
5 15
6 18
7 21
8 24
9 27
10 30
11 33
12 36
13 39
14 42
15 45
16 48
17 51
18 54
19 57
20 60
21 63
22 66
23 69
24 72
25 75
26 78
27 81
28 84
29 87
30 90
31 93
32 96
33 99
34 2
35 5
36 8
37 11
38 14
39 17
40 20
41 23
42 26
43 29
44 32
45 35
46 38
47 41
48 44
49 47
50 50
51 53
52 56
53 59
54 62
55 65
56 68
57 71
58 74
59 77
60 80
61 83
62 86
63 89
64 92
65 95
66 98
67 1
68 4
69 7
70 10
71 13
72 16
73 19
74 22
75 25
76 28
77 31
78 34
79 37
80 40
81 43
82 46
83 49
84 52
85 55
86 58
87 61
88 64
89 67
90 70
91 73
92 76
93 79
94 82
95 85
96 88
97 91
98 94
99 97